18
0 17
0 50 350 300 0 0 0 0 0 0 0 0 0 0 0 0 0 0
0 0 0 0 0 0 600 0 0 0 0 0 0 0 0 0 0 0
0 0 0 0 0 100 0 900 0 0 0 0 0 0 0 0 0 0
0 0 0 0 1300 0 0 0 0 0 0 0 0 0 0 0 0 0
0 0 0 0 0 0 0 0 0 0 0 0 0 1400 0 0 0 0
0 0 0 0 0 0 0 0 0 0 0 700 0 0 0 0 0 0
0 0 800 0 0 0 0 0 0 0 0 0 0 0 0 0 0 0
0 0 0 0 0 0 0 0 790 300 0 0 0 0 0 0 0 0
0 0 0 0 0 0 0 0 0 0 1200 0 0 0 0 0 0 0
0 0 0 0 0 0 0 0 0 0 0 0 0 0 0 0 0 0
0 0 0 0 0 0 0 0 0 800 0 0 0 0 400 0 0 0
0 0 0 0 0 0 0 0 0 0 0 0 950 0 0 0 0 0
0 0 0 0 0 0 0 0 0 0 0 0 0 600 0 0 0 0
0 0 0 0 0 0 0 0 0 0 1300 0 0 0 0 0 0 0
0 0 0 0 0 0 0 0 0 0 0 0 0 0 0 1300 0 0
0 0 0 0 0 0 0 0 0 0 0 0 0 0 0 0 770 0
0 0 0 0 0 0 0 0 0 0 0 0 0 0 0 0 0 1200
0 0 0 0 0 0 0 0 0 0 0 0 0 0 0 0 0 0